 Calibration of amptek channel to energy (20 Aug 2014) A=-0.29036  B=0.00568913  (egy = A + B * chan_num)
 15  P  K  2145.50  2013.70  2012.70      .00      .00      .00      .00      .00  1944.27  2082.17  1645.50  2095.50  2195.50  2645.50  3  6645.50      .00
 16  S  K  2472.00  2307.80  2306.60      .00      .00      .00      .00      .00  2228.18  2386.27  1972.00  2422.00  2522.00  2972.00  3  6972.00      .00
 17 Cl  K  2822.00  2622.40  2620.80      .00      .00      .00      .00      .00  2531.69  2711.56  2322.00  2772.00  2872.00  3322.00  3  7322.00      .00
 18 Ar  K  3205.90  2957.70  2955.60      .00      .00      .00      .00      .00  2855.11  3058.26  2705.90  3155.90  3255.90  3705.90  3  7705.90      .00
 19  K  K  3608.40  3313.80  3311.10      .00      .00      .00      .00      .00  3198.52  3426.47  3108.40  3558.40  3658.40  4108.40  3  8108.40      .00
 20 Ca  K  4038.50  3691.70  3688.10      .00      .00      .00      .00      .00  3562.70  3817.22  3538.50  3988.50  4088.50  4538.50  3  8538.50      .00
 21 Sc  K  4492.00  4090.60  4086.10      .00      .00      .00      .00      .00  3947.17  4229.68  3992.00  4442.00  4542.00  4992.00  3  8992.00      .00
 22 Ti  K  4966.00  4510.80  4504.90      .00      .00      .00      .00      .00  4351.73  4664.17  4466.00  4916.00  5016.00  5466.00  3  9466.00      .00
 23  V  K  5465.00  4952.20  4944.60      .00      .00      .00      .00      .00  4776.48  5120.58  4965.00  5415.00  5515.00  5965.00  3  9965.00      .00
 24 Cr  K  5989.00  5414.70  5405.50      .00      .00      .00      .00      .00  5221.71  5598.80  5489.00  5939.00  6039.00  6489.00  3 10489.00      .00
 25 Mn  K  6539.00  5898.80  5887.70      .00      .00      .00      .00      .00  5687.52  6099.36  6039.00  6489.00  6589.00  7039.00  3 11039.00      .00
 26 Fe  K  7112.00  6403.80  6390.80      .00      .00      .00      .00      .00  6173.51  6621.53  6612.00  7062.00  7162.00  7612.00  3 11612.00      .00
 27 Co  K  7709.00  6930.30  6915.30      .00      .00      .00      .00      .00  6680.18  7165.93  7209.00  7659.00  7759.00  8209.00  3 12209.00      .00
 28 Ni  K  8333.00  7478.20  7460.90      .00      .00      .00      .00      .00  7207.23  7732.46  7833.00  8283.00  8383.00  8833.00  3 12833.00      .00
 29 Cu  K  8979.00  8047.80  8027.80      .00      .00      .00      .00      .00  7754.85  8321.42  8479.00  8929.00  9029.00  9479.00  3 13479.00      .00
 30 Zn  K  9659.00  8638.90  8615.80      .00      .00      .00      .00      .00  8322.86  8932.62  9159.00  9609.00  9709.00 10159.00  3 14159.00      .00
 31 Ga  K 10367.00  9215.70  9224.80      .00      .00      .00      .00      .00  8911.16  9529.03  9867.00 10317.00 10417.00 10867.00  3 14867.00      .00
 32 Ge  K 11103.00  9886.40  9855.30      .00      .00      .00      .00      .00  9520.22 10222.54 10603.00 11053.00 11153.00 11603.00  3 15603.00      .00
 33 As  K 11867.00 10543.70 10508.00      .00      .00      .00      .00      .00 10150.73 10902.19 11367.00 11817.00 11917.00 12367.00  3 16367.00      .00
 34 Se  K 12658.00 11222.40 11181.40      .00      .00      .00      .00      .00 10801.23 11603.96 12158.00 12608.00 12708.00 13158.00  3 17158.00      .00
 35 Br  K 13474.00 11924.20 11877.60      .00      .00      .00      .00      .00 11473.76 12329.62 12974.00 13424.00 13524.00 13974.00  3 17974.00      .00
 36 Kr  K 14326.00 12649.00 12598.00      .00      .00      .00      .00      .00 12169.67 13079.07 13826.00 14276.00 14376.00 14826.00  3 18826.00      .00
 37 Rb  K 15200.00 13395.30 13335.80      .00      .00      .00      .00      .00 12882.38 13850.74 14700.00 15150.00 15250.00 15700.00  3 19700.00      .00
 37 Rb  L      .00      .00      .00  2065.00  1864.00  1804.00  1694.10  1692.60  1635.05  1751.70  1304.00  1754.00  1854.00  2304.00  2      .00  2565.00
 38 Sr  K 16105.00 14165.00 14097.90      .00      .00      .00  1694.10  1692.60 13618.57 14646.61 15605.00 16055.00 16155.00 16605.00  3 20605.00      .00
 38 Sr  L      .00      .00      .00  2216.00  2007.00  1940.00  1806.60  1804.70  1743.34  1868.02  1440.00  1890.00  1990.00  2440.00  2      .00  2716.00
 39  Y  K 17038.00 14958.40 14882.90      .00      .00      .00  1806.60  1804.70 14376.88 15466.99 16538.00 16988.00 17088.00 17538.00  3 21538.00      .00
 39  Y  L      .00      .00      .00  2373.00  2156.00  2080.00  1922.60  1920.50  1855.20  1987.97  1580.00  2030.00  2130.00  2580.00  2      .00  2873.00
 40 Zr  K 17998.00 15775.10 15690.90      .00      .00      .00  1922.60  1920.50 15157.41 16311.45 17498.00 17948.00 18048.00 18498.00  3 22498.00      .00
 40 Zr  L      .00      .00      .00  2532.00  2307.00  2223.00  2042.40  2039.90  1970.54  2111.84  1723.00  2173.00  2273.00  2723.00  2      .00  3032.00
 41 Nb  K 18986.00 16615.10 16521.00      .00      .00      .00  2042.40  2039.90 15959.29 17180.01 18486.00 18936.00 19036.00 19486.00  3 23486.00      .00
 41 Nb  L      .00      .00      .00  2698.00  2465.00  2371.00  2165.90  2163.00  2089.46  2239.54  1871.00  2321.00  2421.00  2871.00  2      .00  3198.00
 42 Mo  K 20000.00 17479.30 17374.30      .00      .00      .00  2165.90  2163.00 16783.57 18073.60 19500.00 19950.00 20050.00 20500.00  3 24500.00      .00
 42 Mo  L      .00      .00      .00  2866.00  2625.00  2520.00  2293.20  2289.90  2212.04  2371.17  2020.00  2470.00  2570.00  3020.00  2      .00  3366.00
 43 Tc  K 21044.00 18367.10 18250.80      .00      .00      .00  2293.20  2289.90 17630.27 18991.58 20544.00 20994.00 21094.00 21544.00  3 25544.00      .00
 43 Tc  L      .00      .00      .00  3043.00  2793.00  2677.00  2424.00  2424.00  2341.58  2506.42  2177.00  2627.00  2727.00  3177.00  2      .00  3543.00
 44 Ru  K 22117.00 19279.20 19150.40      .00      .00      .00  2424.00  2424.00 18499.29 19934.69 21617.00 22067.00 22167.00 22617.00  3 26617.00      .00
 44 Ru  L      .00      .00      .00  3224.00  2967.00  2838.00  2558.60  2554.30  2467.45  2645.59  2338.00  2788.00  2888.00  3338.00  2      .00  3724.00
 45 Rh  K 23220.00 20216.10 20073.70      .00      .00      .00  2558.60  2554.30 19391.19 20903.45 22720.00 23170.00 23270.00 23720.00  3 27720.00      .00
 45 Rh  L      .00      .00      .00  3412.00  3146.00  3004.00  2696.70  2692.10  2600.57  2788.39  2504.00  2954.00  3054.00  3504.00  2      .00  3912.00
 46 Pd  K 24350.00 21177.10 21020.10      .00      .00      .00  2696.70  2692.10 20305.42 21897.12 23850.00 24300.00 24400.00 24850.00  3 28850.00      .00
 46 Pd  L      .00      .00      .00  3604.00  3330.00  3173.00  2838.60  2833.30  2736.97  2935.11  2673.00  3123.00  3223.00  3673.00  2      .00  4104.00
 47 Ag  K 25514.00 22162.90 21990.30      .00      .00      .00  2838.60  2833.30 21242.63 22916.44 25014.00 25464.00 25564.00 26014.00  3 30014.00      .00
 47 Ag  L      .00      .00      .00  3806.00  3524.00  3351.00  2984.30  2978.20  2876.94  3085.77  2851.00  3301.00  3401.00  3851.00  2      .00  4306.00
 48 Cd  K 26711.00 23173.60 22984.10      .00      .00      .00  2984.30  2978.20 22202.64 23961.50 26211.00 26661.00 26761.00 27211.00  3 31211.00      .00
 48 Cd  L      .00      .00      .00  4018.00  3727.00  3538.00  3133.70  3126.90  3020.59  3240.25  3038.00  3488.00  3588.00  4038.00  2      .00  4518.00
 49 In  K 27940.00 24209.70 24002.00      .00      .00      .00  3133.70  3126.90 23185.93 25032.83 27440.00 27890.00 27990.00 28440.00  3 32440.00      .00
 49 In  L      .00      .00      .00  4238.00  3938.00  3730.00  3286.90  3279.30  3167.80  3398.65  3230.00  3680.00  3780.00  4230.00  2      .00  4738.00
 50 Sn  K 29200.00 25271.30 25044.00      .00      .00      .00  3286.90  3279.30 24192.50 26130.53 28700.00 29150.00 29250.00 29700.00  3 33700.00      .00
 50 Sn  L      .00      .00      .00  4465.00  4156.00  3929.00  3444.00  3435.40  3318.60  3561.10  3429.00  3879.00  3979.00  4429.00  2      .00  4965.00
 51 Sb  K 30491.00 26359.10 26110.80      .00      .00      .00  3444.00  3435.40 25223.03 27255.31 29991.00 30441.00 30541.00 30991.00  3 34991.00      .00
 51 Sb  L      .00      .00      .00  4698.00  4380.00  4132.00  3604.70  3595.30  3473.06  3727.26  3632.00  4082.00  4182.00  4632.00  2      .00  5198.00
 52 Te  K 31814.00 27472.30 27201.70      .00      .00      .00  3604.70  3595.30 26276.84 28406.36 31314.00 31764.00 31864.00 32314.00  3 36314.00      .00
 52 Te  L      .00      .00      .00  4939.00  4612.00  4341.00  3769.30  3758.80  3631.00  3897.46  3841.00  4291.00  4391.00  4841.00  2      .00  5439.00
 53 I   K 33169.00 28612.00 28317.20      .00      .00      .00  3769.30  3758.80 27354.41 29584.81 32669.00 33119.00 33219.00 33669.00  3 37669.00      .00
 53 I   L      .00      .00      .00  5188.00  4852.00  4557.00  3937.70  3926.00  3792.52  4071.58  4057.00  4507.00  4607.00  5057.00  2      .00  5688.00
 54 Xe  K 34561.00 29779.00 29458.00      .00      .00      .00  3937.70  3926.00 28456.43 30791.49 34061.00 34511.00 34611.00 35061.00  3 39061.00      .00
 54 Xe  L      .00      .00      .00  5453.00  5107.00  4786.00  4109.90  4109.90  3970.16  4249.64  4286.00  4736.00  4836.00  5286.00  2      .00  5953.00
 55 Cs  L      .00      .00      .00  5714.00  5359.00  5012.00  4286.50  4272.20  4126.95  4432.24  4512.00  4962.00  5062.00  5512.00  2      .00  6214.00
 56 Ba  L      .00      .00      .00  5989.00  5624.00  5247.00  4466.30  4450.90  4299.57  4618.15  4747.00  5197.00  5297.00  5747.00  2      .00  6489.00
 57 La  L      .00      .00      .00  6266.00  5891.00  5483.00  4651.00  4634.20  4476.64  4809.13  4983.00  5433.00  5533.00  5983.00  2      .00  6766.00
 58 Ce  L      .00      .00      .00  6548.00  6164.00  5723.00  4840.20  4823.00  4659.02  5004.77  5223.00  5673.00  5773.00  6223.00  2      .00  7048.00
 59 Pr  L      .00      .00      .00  6835.00  6440.00  5964.00  5033.70  5013.50  4843.04  5204.85  5464.00  5914.00  6014.00  6464.00  2      .00  7335.00
 60 Nd  L      .00      .00      .00  7126.00  6722.00  6208.00  5230.40  5207.70  5030.64  5408.23  5708.00  6158.00  6258.00  6708.00  2      .00  7626.00
 61 Pm  L      .00      .00      .00  7428.00  7013.00  6459.00  5432.50  5407.80  5223.93  5617.21  5959.00  6409.00  6509.00  6959.00  2      .00  7928.00
 62 Sm  L      .00      .00      .00  7737.00  7312.00  6716.00  5636.10  5609.00  5418.29  5827.73  6216.00  6666.00  6766.00  7216.00  2      .00  8237.00
 63 Eu  L      .00      .00      .00  8052.00  7617.00  6977.00  5845.70  5816.60  5618.84  6044.45  6477.00  6927.00  7027.00  7477.00  2      .00  8552.00
 64 Gd  L      .00      .00      .00  8376.00  7930.00  7243.00  6057.20  6025.00  5820.15  6263.15  6743.00  7193.00  7293.00  7743.00  2      .00  8876.00
 65 Tb  L      .00      .00      .00  8708.00  8252.00  7514.00  6272.80  6238.00  6025.91  6486.08  7014.00  7464.00  7564.00  8014.00  2      .00  9208.00
 66 Dy  L      .00      .00      .00  9046.00  8581.00  7790.00  6495.20  6457.70  6238.14  6716.04  7290.00  7740.00  7840.00  8290.00  2      .00  9546.00
 67 Ho  L      .00      .00      .00  9394.00  8918.00  8071.00  6719.80  6679.50  6452.40  6948.27  7571.00  8021.00  8121.00  8571.00  2      .00  9894.00
 68 Er  L      .00      .00      .00  9751.00  9264.00  8358.00  6948.70  6905.00  6670.23  7184.96  7858.00  8308.00  8408.00  8858.00  2      .00 10251.00
 69 Tm  L      .00      .00      .00 10116.00  9617.00  8648.00  7179.90  7133.10  6890.57  7424.02  8148.00  8598.00  8698.00  9148.00  2      .00 10616.00
 70 Yb  L      .00      .00      .00 10486.00  9978.00  8944.00  7415.60  7367.30  7116.81  7667.73  8444.00  8894.00  8994.00  9444.00  2      .00 10986.00
 71 Lu  L      .00      .00      .00 10870.00 10349.00  9244.00  7655.50  7604.90  7346.33  7915.79  8744.00  9194.00  9294.00  9744.00  2      .00 11370.00
 72 Hf  L      .00      .00      .00 11271.00 10739.00  9561.00  7899.00  7844.60  7577.88  8167.57  9061.00  9511.00  9611.00 10061.00  2      .00 11771.00
 73 Ta  L      .00      .00      .00 11682.00 11136.00  9881.00  8146.10  8087.90  7812.91  8423.07  9381.00  9831.00  9931.00 10381.00  2      .00 12182.00
 74  W  L      .00      .00      .00 12100.00 11544.00 10207.00  8397.60  8335.20  8051.80  8683.12  9707.00 10157.00 10257.00 10707.00  2      .00 12600.00
 75 Re  L      .00      .00      .00 12527.00 11959.00 10535.00  8652.50  8586.20  8294.27  8946.68 10035.00 10485.00 10585.00 11035.00  2      .00 13027.00
 76 Os  L      .00      .00      .00 12968.00 12385.00 10871.00  8911.70  8841.00  8540.41  9214.70 10371.00 10821.00 10921.00 11371.00  2      .00 13468.00
 77 Ir  L      .00      .00      .00 13419.00 12824.00 11215.00  9175.10  9099.50  8790.12  9487.05 10715.00 11165.00 11265.00 11715.00  2      .00 13919.00
 78 Pt  L      .00      .00      .00 13880.00 13273.00 11564.00  9442.30  9361.80  9043.50  9763.34 11064.00 11514.00 11614.00 12064.00  2      .00 14380.00
 79 Au  L      .00      .00      .00 14353.00 13734.00 11919.00  9713.30  9628.00  9300.65 10043.55 11419.00 11869.00 11969.00 12419.00  2      .00 14853.00
 80 Hg  L      .00      .00      .00 14039.00 14209.00 12284.00  9988.80  9897.60  9561.08 10328.42 11784.00 12234.00 12334.00 12784.00  2      .00 14539.00
 81 Tl  L      .00      .00      .00 15347.00 14698.00 12658.00 10268.50 10172.80  9826.92 10617.63 12158.00 12608.00 12708.00 13158.00  2      .00 15847.00
 82 Pb  L      .00      .00      .00 15861.00 15200.00 13035.00 10551.50 10449.50 10094.22 10910.25 12535.00 12985.00 13085.00 13535.00  2      .00 16361.00
 83 Bi  L      .00      .00      .00 16388.00 15711.00 13419.00 10838.80 10730.90 10366.05 11207.32 12919.00 13369.00 13469.00 13919.00  2      .00 16888.00
 84 Po  L      .00      .00      .00 16939.00 16244.00 13814.00 11130.80 11015.80 10641.26 11509.25 13314.00 13764.00 13864.00 14314.00  2      .00 17439.00
 85 At  L      .00      .00      .00 17493.00 16785.00 14214.00 11426.80 11304.80 10920.44 11815.31 13714.00 14164.00 14264.00 14714.00  2      .00 17993.00
 86 Rn  L      .00      .00      .00 18049.00 17337.00 14619.00 11727.00 11597.90 11203.57 12125.72 14119.00 14569.00 14669.00 15119.00  2      .00 18549.00
 87 Fr  L      .00      .00      .00 18639.00 17907.00 15031.00 12031.30 11895.00 11490.57 12440.36 14531.00 14981.00 15081.00 15531.00  2      .00 19139.00
 88 Ra  L      .00      .00      .00 19237.00 18484.00 15444.00 12339.70 12196.20 11781.53 12759.25 14944.00 15394.00 15494.00 15944.00  2      .00 19737.00
 89 Ac  L      .00      .00      .00 19840.00 19083.00 15871.00 12652.00 12500.80 12075.77 13082.17 15371.00 15821.00 15921.00 16371.00  2      .00 20340.00
 90 Th  L      .00      .00      .00 20472.00 19693.00 16300.00 12968.70 12809.60 12374.07 13409.64 15800.00 16250.00 16350.00 16800.00  2      .00 20972.00
 91 Pa  L      .00      .00      .00 21105.00 20314.00 16733.00 13290.70 13122.20 12676.04 13742.58 16233.00 16683.00 16783.00 17233.00  2      .00 21605.00
 92  U  L      .00      .00      .00 21757.00 20948.00 17166.00 13614.70 13438.80 12981.88 14077.60 16666.00 17116.00 17216.00 17666.00  2      .00 22257.00
